83   MOUDA       Tarsha          21.2258   79.3811   7.5   249   1318   821.   177.8   89.9   143   58.   731.   219.   178   36   0.5   2.18   -4.30
                                                           0            1                           65    5      6                 1
84   HINGNA      Mohgaon Zelpi   21.0683   78.8875   7.5   749   397    219.   47.0    24.3   32    0.9   249.   23.6   35    41   0.6   0.94   -0.26
                                                                        3                           1     8                        8
85   SAVNER      Patansaongi-2   21.3353   79.0167   8     560   297    209.   65.4    10.9   34    1.5   309.   13.6   8     14   0.4   1.02   0.90
                                                                        1                           9     3                        5
86   KALAMESH    Lohgad          21.3422   78.7231   7.5   908   480    321.   47.0    48.6   36    2.9   291.   45.9   42    47   0.2   0.88   -1.57
     WAR                                                                3                           9     4                        7
87   UMRED       Singori         20.7453   79.0697   7.7   557   295    209.   42.9    24.3   43    1.0   243.   23.6   29    27   0.4   1.30   -0.15
                                                                        1                           9     8                        4
88   Kalmeshwa   Tondakhairi     21.2692   78.9525   7.7   825   436    300.   47.0    43.7   39    15.   380.   36.0   19    37   0.7   0.98   0.29
     r                                                                  9                           51    6                        4
89   Katol       Metpanjara      21.2658   78.7128   7.7   139   737    469.   124.7   37.7   39    6.3   368.   112.   87    30   0.4   0.78   -3.29
                                                           1            2                           2     7      9                 8
90   Kalmeshwa   Sillori         21.3022   78.9731   7.7   234   1241   877.   249.4   60.8   106   11    921.   187.   126   46   0.2   1.56   -2.36
     r                                                     3            2                           4.2   9      4                 4
91   Kalmeshwa   Khapri          21.2353   78.8350   7.8   953   505    367.   45.0    60.8   26    1.1   368.   48.4   36    45   0.7   0.59   -1.20
     r                                                                  2                                 7                        5
92   Kalmeshwa   Linga           21.2028   78.8214   7.7   147   782    418.   47.0    71.7   63    63.   529.   85.6   75    46   0.5   1.35   0.43
     r                                                     6            2                           78    3                        4
93   Kalmeshwa   Kohli           21.2522   78.8161   7.7   908   482    367.   65.4    48.6   29    1.6   380.   40.9   42    41   1.0   0.66   -1.03
     r                                                                  2                           4     6                        3
94   Katol       Wasboli         21.2189   78.7022   7.7   114   569    326.   42.9    52.3   40    12.   386.   53.4   41    44   0.6   0.97   -0.11
                                                           1            4                           84    6                        2
95   Kalmeshwa   Ramgiri         21.3019   78.7514   7.2   522   276    163.   45.0    12.2   45    1.7   273.   16.1   14    9    0.6   1.54   1.24
     r                                                                  2                           9     6
96   Nagpur      Khairgaon       21.1858   78.9567   7.3   133   706    453.   92.0    53.5   33    1.8   428.   78.2   66    47   0.2   0.68   -1.98
     (Rural)                                               3            9                                 2                        5
97   Nagpur      Satgaon         20.9297   79.0036   7.7   101   536    214.   42.9    25.5   72    0.7   243.   83.1   62    25   1.0   2.15   -0.25
     (Rural)                                               2            2                           7     8                        2
98   KALAMESH    Ashti           21.2019   78.9683   7.8   782   414    300.   65.4    32.8   37    1.2   374.   18.6   26    41   0.7   0.93   0.17
     WAR                                                                9                           3     7                        6
99   NARKHED     Mohad           21.4686   78.4458   7.7   207   1100   622.   139.0   65.6   130   3.0   463.   294.   68    16   0.2   2.27   -4.74
                                                           6            2                           6     9      1                 6
10   MOUDA       Mouda-1         21.1472   79.4003   7.6   228   1212   275.   40.9    41.3   286   10.   624.   204.   154   46   0.5   7.54   4.79
0                                                          8            4                           67    5      7
10   HINGNA      Hingna          21.0739   78.9578   7.6   664   352    249.   24.5    45.0   33    1.5   321.   21.1   23    23   0.3   0.91   0.34
1                (Dhangarpura)                                          9                           5     2                        2


                                                                                                                                         A-38
10   Ramtek   Karwahi          21.6689   79.4500   8     170   1107   438.   145.7   71.1    170.   2.5   385.   215.   99    31   2.90   -6.82
2                                                        3            2                      87     1     5      9
10   Ramtek   Pathrai          21.5306   79.3000   7.8   638   415    239    73.9    40.1    38.4   2     263.   25.7   50    10   0.89   -2.68
3                                                                                                         5
10   Ramtek   Kamthi           21.6067   79.3722   7.8   474   308    229.   77.8    36.8    19.9   2.0   253.   12.9   12    16   0.47   -2.76
4                                                                     1                      6      1     8
10   Ramtek   Lakhapur         21.5603   79.4311   7.6   335   218    109.   31.9    18.9    33.4   1.6   107.   28.3   35    8    1.16   -1.39
5                                                                     6                      6            4
10   Ramtek   Murda            21.4589   79.4164   7.4   125   813    448.   129.7   77.4    65.0   0.6   170.   267.   11    31   1.11   -
6                                                        1            2                      1      5     8      3                        10.0
                                                                                                                                          5
10   Ramtek   Gugaldoh/        21.4217   79.4322   7.6   159   1034   517.   167.7   85.1    85.2   0.9   322.   210.   109   31   1.34   -
7             Ghogra                                     0            9                      2      6     1      8                        10.1
                                                                                                                                          1
10   Kamthi   Asoli Sakwa      21.1414   79.2042   7.9   129   839    219.   77.8    34.3    165.   0.2   361.   138.   33    10   3.92   -0.79
8                                                        0            1                      19     8     1      8
10   Kamthi   Gumthala         21.1375   79.2836   7.7   687   447    288.   93.8    47.4    34.0   0.8   185.   79.7   53    31   0.71   -5.55
9                                                                     8                      5      5     4
11   Kamthi   Palsad           21.1147   79.2717   7.6   908   590    303.   101.8   49.1    61.8   2.0   161    79.7   139   39   1.26   -6.49
0                                                                     8                      1      7
11   Kamthi   Chikli           21.0867   79.3031   8     553   359    164.   49.9    27.8    61.7   1.8   190.   43.7   36    16   1.74   -1.66
1                                                                     3                      1      3     3
11   Kamthi   Badoda/ Wadoda   21.1339   79.3192   7.8   473   307    204.   61.9    34.6    14.3   11.   195.   18     32    11   0.36   -2.74
2                                                                     2                      4      5     2
11   Mauda    Vanjara          21.1172   79.4189   7.8   619   402    254    79.8    42.3    36.3   1.8   253.   18     49    29   0.82   -3.31
3                                                                                                   2     8
11   Mauda    Chirvha          21.1278   79.4511   8     900   585    234.   81.8    37.0    102.   4.1   292.   79.7   43    15   2.35   -2.33
4                                                                     1                      06     6     8
11   Mauda    Marodi           21.1564   79.4500   7.9   777   505    219.   65.9    37.2    38.4   2.8   302.   43.7   15    18   0.94   -1.40
5                                                                     1                      3      7     6
11   Mauda    Dhanala          21.1858   79.4686   7.6   224   1456   976.   305.4   163.0   51.2   0.8   117.   601.   145   41   0.59   -
6                                                        0            1                             4     1      4                        26.7
                                                                                                                                          6
11   Mauda    Govri            21.1214   79.5056   7.9   188   1225   562.   167.7   96.0    135.   30.   551.   246.   76    37   2.07   -7.25
7                                                        5            7                      69     03    4      7
11   Mauda    Panjra           21.2114   79.5369   8.2   177   1151   368.   123.8   59.5    235    1.6   395.   231.   127   28   4.34   -4.61
8                                                        0            5                             7     3      3
11   Mauda    Sirsoli          21.2853   79.5369   8.1   685   445    293.   85.8    50.5    41.1   3.0   253.   77.1   31    20   0.87   -4.29
9                                                                     8                      7      9     8
                                                                                                                                   A-39
12   Mauda       Bori Ghiwari   21.3281   79.5078   7.9   289   1881   358.   123.8   57.1    320.   1.9   385.   390.   72   32   5.97   -4.57
0                                                         4            6                      48           5      7
12   Mauda       Aroli          21.3228   79.4494   8.2   919   597    408.   125.7   68.7    12.3   0.0   219.   79.7   81   12   0.22   -8.34
1                                                                      4                      8      6     6
12   Mauda       Kumbhapur      21.1989   79.3283   8.1   751   488    403.   139.7   64.1    2.24   0.0   322.   20.6   52   19   0.04   -6.98
2                                                                      4                             6     1
12   Mauda       Bhendala       21.2308   79.4289   7.9   167   1088   338.   105.8   56.6    138.   0.6   331.   208.   53   31   2.71   -4.51
3                                                         4            6                      9      2     8      2
12   Mauda       Hingna         21.2622   79.3878   7.9   169   1099   408.   141.7   64.8    138.   0.5   409.   182.   56   30   2.41   -5.70
4                                                         1            4                      25     9     9      5
12   Mauda       Chacher        21.2831   79.3372   8.2   197   1281   343.   117.8   54.9    35.1   0.4   175.   105.   59   30   0.67   -7.53
5                                                         0            6                      9      1     7      4
12   Mauda       Rewral         21.2647   79.4639   7.8   295   1919   308.   103.8   49.8    175    10    444.   336.   21   41   3.53   -2.01
6                                                         2            8                             2.4   1      7
                                                                                                     1
12   Kamthi      Waregaon       21.2475   79.1539   7.6   250   1629   811.   279.4   129.3   39     24.   234.   439.   77   88   0.48   -
7                                                         6            7                             02    2      5                       20.7
                                                                                                                                          7
12   Kamthi      Suradevi       21.2469   79.1211   7.6   156   1020   209.   63.9    35.3    165    22    229.   218.   70   51   4.11   -2.34
8                                                         9            2                                   4      5
12   Kamthi      Ghorpada       21.1886   79.1992   7.6   198   1290   418.   143.7   66.7    37.9   20.   122    277.   62   8    0.65   -
9                                                         5            3                             6            6                       10.6
                                                                                                                                          7
13   Kamthi      Gada           21.1964   79.2344   7.5   585   380    144.   47.9    23.5    32.6   18.   224.   30.8   19   15   0.96   -0.65
0                                                                      4                             49    5
13   Kamthi      Ungaon         21.1903   79.2922   7.7   889   578    308.   101.8   50.3    37.6   19.   297.   69.4   24   29   0.76   -4.35
1                                                                      8                             34    7
13   Parseoni    Khandala       21.2192   79.2672   7.7   724   471    119.   35.9    20.3    68     21    283    43.7   22   17   2.25   1.17
2                                                                      5
13   Kalmeshwa   Kalmeshwar     21.2297   78.9183   7.6   189   1234   308.   91.8    52.7    175    20    214.   411.   48   16   3.60   -5.41
3    r                                                    8            8                                   7      2
13   Kalmeshwa   Uparvani       21.2150   78.8553   7.9   117   763    239    79.8    38.7    85.3   20.   361.   100.   29   59   1.96   -1.25
4    r                                                    4                                   3      16    1      2
13   Kalmeshwa   Wathoda        21.2825   78.8389   7.4   123   802    263.   93.8    41.3    61     34.   209.   156.   45   50   1.32   -4.65
5    r                                                    4            9                             07    8      8
13   Kalmeshwa   Mohpa          21.3064   78.8283   7.6   110   721    318.   107.8   51.3    35.1   20.   239.   125.   32   62   0.70   -5.69
6    r                                                    9            7                      6      45    1      9
13   Kalmeshwa   Khairi         21.2925   78.7908   7.5   847   551    244    73.9    41.4    30.5   5.8   136.   97.7   29   43   0.70   -4.86
7    r                                                                                        1      8     6
                                                                                                                                   A-40
13   Kalmeshwa   Mandvi          21.3425   78.8058   7.8   962   625   139.   47.9    22.2   60.5   36.   39     92.5   84    46   1.81   -3.58
8    r                                                                 4                            6
13   Kalmeshwa   Tishti          21.3731   78.7875   7.4   102   667   259    87.8    41.6   35.3   20.   175.   107.   35    78   0.78   -4.93
9    r                                                     6                                        9     7      9
14   Kalmeshwa   Parsodi Wakil   21.3464   78.8856   7.7   756   491   149.   43.9    25.6   52.9   20.   268.   28.3   16    32   1.57   0.10
0    r                                                                 4                            46    4
14   Kalmeshwa   Tel-Kamthi      21.3761   78.8517   7.7   105   688   219.   67.9    36.8   60.8   30.   219.   128.   35    53   1.48   -2.82
1    r                                                     9           1                            07    6      5
14   Kalmeshwa   Dadhera         21.3889   78.7728   7.9   929   604   159.   49.9    26.6   68.1   21.   195.   74.5   55    19   1.94   -1.48
2    r                                                                 4                     6      9     2
14   Saoner      Khursipar       21.4731   78.7589   7.8   590   384   169.   49.9    29.0   60.7   20.   185.   79.7   21    23   1.69   -1.84
3                                                                      3                            38    4
14   Saoner      Jatamkhor       21.4747   78.8103   7.4   970   631   179.   55.9    30.0   34     20.   161    46.3   42    75   0.91   -2.62
4                                                                      3                            7
14   Saoner      Umri            21.4203   78.8136   7.6   543   353   129.   41.9    21.3   30.1   20.   209.   25.7   23    17   0.95   -0.41
5                                                                      5                     6      1     8
14   Saoner      Rampuri         21.4436   78.8642   7.5   124   806   313.   119.8   47.1   53.8   22.   219.   169.   41    68   1.05   -6.27
6                                                          0           7                            3     6      6
14   Saoner      Kelwad          21.4633   78.8792   8     132   864   273.   91.8    44.2   122    20.   409.   110.   108   51   2.62   -1.51
7                                                          9           9                            44    9      5
14   Parseoni    Satak           21.3367   79.2661   7.4   124   808   363.   133.7   55.8   36.8   30.   156.   161.   52    72   0.67   -8.72
8                                                          3           5                            2     2      9
14   Ramtek      Amgaon          21.3881   79.3489   7.5   229   149   64.7   20.0    10.9   12.3   3.4   53.7   28.3   12    10   0.55   -1.02
9
15   Parsioni    Tamaswadi       21.3111   79.1350   7.5   551   358   154.   53.9    24.4   28.7   1.4   248.   22.1   2     4    0.82   -0.62
0                                                                      4                     7      3     9
15   Parsioni    Guramde         21.3136   79.1750   7.1   476   309   114.   33.9    19.6   54.3   2.7   248.   12.9   36    9    1.84   0.77
1                                                                      5                     3      6     9
15   Parsioni    Kharanbad       21.3739   79.1139   7.6   136   884   263.   91.8    41.8   116.   49.   327    195.   7     59   2.53   -2.67
2                                                          0           9                     49     81           3
15   Parsioni    Khubala         21.4656   78.9956   7.8   690   449   164.   59.9    25.4   33.3   23.   214.   38.6   35    9    0.91   -1.57
3                                                                      3                     2      99    7
15   Saoner      Tembhurdoh      21.5047   78.9472   7.8   215   140   144.   47.9    23.5   69.3   2.6   307.   22.1   22    29   2.05   0.71
4                                                                      4                     2      2     4
15   Saoner      Waki            21.3358   79.0250   7.8   693   450   179.   63.9    28.0   64.0   0.9   278.   46.3   61    41   1.68   -0.94
5                                                                      3                     6      3     2
15   Saoner      Gujarwadi       21.3756   78.9436   7.8   934   607   263.   93.8    41.3   81.7   0.5   458.   64.3   17    39   1.77   -0.57
6                                                                      9                     4      9     7


                                                                                                                                   A-41
15   Saoner     Khurajgaon    21.4147   78.9081   7.9   605   393    164.   59.9    25.4   72.3   10.   219.   59.1   30    33         1.97   -1.49
7                                                                    3                     8      25    6
15   Saoner     Nanda Kuurd   21.4414   78.9583   7.9   613   398    164.   59.9    25.4   84.6   1.1   361.   22.1   23    6          2.31   0.83
8               Nandapur                                             3                     4      8     1
15   Saoner     Kawatha       21.4753   78.9047   7.8   111   724    298.   111.8   45.4   76.2   6.1   390.   84.8   4     39         1.54   -2.93
9                                                       4            8                     9      6     4
16   Parseoni   SuwarDhara    21.4856   79.1256   7.7   437   284    144.   53.9    22.0   30.7   2.8   131.   22.1   61    14         0.89   -2.34
0                                                                    4                     6      6     8
16   Parseoni   Bitoli        21.4347   79.1650   7.7   218   1418   438.   139.7   72.5   298.   0.8   444.   308.   149   12         5.10   -5.67
1                                                       1            2                     3      1     1      4
16   Parseoni   Mahul         21.4150   79.1883   7.4   108   708    249    99.8    36.3   50.6   15.   268.   120.   2     9          1.10   -3.58
2                                                       9                                  9      01    4      8
16   Parseoni   Khandala      21.2189   79.2672   7.9   612   398    129.   37.9    22.2   74.2   2.5   307.   15.4   16    3          2.37   1.32
3               Ghatate                                              5                     2      5     4
16   Parseoni   Kherdi        21.2600   79.2900   8.2   184   1199   378.   119.8   62.9   103.   26.   336.   311    2     1          1.91   -5.65
4                                                       4            5                     8      51    7
16   Ramtek     Kachurwadi    21.3317   79.3853   7.8   401   261    119.   35.9    20.3   22.2   1.4   156.   22.1   7     20         0.74   -0.90
5                                                                    5                     7            2
16   Mohda      KhaperKhedi   21.3531   79.4292   7.7   770   501    129.   39.9    21.8   10.5   0.6   53.7   82.2   4     38         0.33   -2.91
6                                                                    5                            5
16   Ramtek     Patgavri      21.3936   79.2278   8.1   103   670    219.   73.9    35.3   101    15.   419.   72     54    12         2.42   0.28
7                                                       1            1                            4     7
16   Borda      Ramtek        21.4483   79.2742   8     121   788    253.   89.8    39.8   111.   56.   380.   156.   55    31         2.47   -1.53
8                                                       3            5                     84     62    6      8
16   Warghat    Ramtek        21.5481   79.4075   7.6   970   631    164.   59.9    25.4   82.7   4.6   205    77.1   25    5          2.26   -1.72
9                                                                    3                     4      4
17   Karwahi    Ramtek        21.3936   79.4492   7.8   984   640    234.   81.8    37.0   55.3   3.7   248.   79.7   15    22         1.27   -3.05
0                                                                    1                            4     9
17   Parsodi    Mauda         21.0958   79.2092   7.6   176   1148   373    135.7   57.7   113.   7.2   224.   254.   23    17         2.05   -7.85
1                                                       6                                  2      3     5      4
17   Bhiwapur   Kaodasi       20.7698   79.3038   8     504          200    32.0    29.0   25     3     195    35     33    19   0.8   0.77   -0.79
2
17   Bhiwapur   Zamkoli       20.6314   79.1953   8     622          265    60.0    28.0   21     2     226    64     10    37   0.6   0.56   -1.60
3
17   Bhiwapur   Kholdoda      20.5974   79.3098   8     314          295    56.0    38.0   610    20    427    638    374   8    0.8   15.4   1.07
4                                                       2                                                                              1
17   Bhiwapur   Malewada      20.7262   79.3695   8     156          325    82.0    29.0   202    16    336    266    96    37   1.1   4.88   -0.98
5                                                       0


                                                                                                                                       A-42
17   Bhiwapur   Seloti       20.7450   79.4421   8     600          225    60.0    18.0   32     8     293    28     14    16   0.6   0.93   0.32
6
17   Bhiwapur   Adhyal       20.8030   79.5158   8     583          210    40.0    27.0   37     3     220    32     62    4    0.8   1.11   -0.62
7
17   Bhiwapur   Somnala      20.8383   79.5119   8     738          260    70.0    21.0   48     4     232    78     38    36   0.4   1.29   -1.42
8
17   Kuhi       Gothangaon   20.9252   79.5316   8     675          245    60.0    23.0   41     4     311    39     14    17   1.1   1.14   0.21
9
18   Kuhi       Jiwanapur    20.9462   79.5167   8.2   728          240    40.0    34.0   58     3     348    50     10    4    0.5   1.63   0.91
0
18   Kuhi       Tutanbori    20.7992   79.4353   8.1   322          200    66.0    9.0    51     4     311    21     24    7    0.4   1.56   1.06
1
18   Bhiwapur   Gondbori     20.7949   79.4498   8.2   850          320    80.0    29.0   48     4     183    177    19    11   0.3   1.17   -3.39
2
18   Kuhi       Adam         20.9977   79.4521   8.2   646          290    60.0    34.0   14     4     244    67     24    2    0.3   0.36   -1.80
3
18   Kuhi       Channa       20.9933   79.5230   8     141          355    136.0   4.0    145    6     336    220    58    40   0.8   3.34   -1.62
4                                                      0
18   Kuhi       Pauni        21.0189   79.4919   8     168          385    40.0    69.0   207    8     336    365    43    8    0.4   4.59   -2.17
5                                                      0
18   Kuhi       Bhiwkund     21.0519   79.4594   8.2   630          265    60.0    28.0   23     2     244    53     24    23   0.8   0.61   -1.30
6
18   Kuhi       Rajola       21.0733   79.5244   8.1   145          410    46.0    72.0   147    2     391    248    29    40   0.4   3.15   -1.82
7                                                      0
18   Kuhi       Kuhi         21.0119   79.3509   8.1   950          290    100.0   10.0   94     20    226    199    34    24   0.8   2.40   -2.12
8
18   Kuhi       Dhanoli      21.0446   79.2636   7.9   947          310    36.0    53.0   74     8     415    53     38    30   0.9   1.83   0.64
9
19   Kuhi       Dodama       21.0112   79.2560   8     190          500    62.0    84.0   207    16    336    440    43    37   0.8   4.02   -4.50
0                                                      6
19   Kuhi       Ambadi       21.0569   79.3643   8.1   928          270    46.0    38.0   85     8     281    135    14    37   0.5   2.24   -0.82
1
19   UMRED      Umrer        20.8500   79.3333   7.9   221   1171   637.   139.0   69.3   181.   10.   862.   130.   182   2    0.9   3.14   1.49
2                                                      2            5                     8      22    4      3                 2
19   PARSEONI   Ramtek       21.4000   79.3000   7.7   140   746    387.   87.9    40.1   102.   10    469.   117.   51    44   0.9   2.27   0.01
3                                                      7            6                     23           9      9                 5
19   NARKHED    Narkhed      21.4667   78.5333   7.4   141   750    351.   73.6    40.1   109    1.9   487.   85.6   43    44   0.5   2.54   1.02
4                                                      7            9                            9     7                        5


                                                                                                                                      A-43
19   HINGNA      Gumgaon        20.9917   79.0333   7.9   758   402   285.   83.8   18.2   38    8.7   398.   11.2   12   9    0.7   0.98   0.84
5                                                                     6                          9     5                       3
19   RAMTEK      Deolapar       21.5833   79.3667   7.7   613   325   204    47.0   20.7   41    5.6   345.   13.6   11   0    1.3   1.25   1.60
6                                                                                                7     0                       6
19   UMRED       Panchgaon      21.0333   79.1667   8     584   310   229.   63.4   17.0   17    1     249.   13.6   41   28   1.2   0.49   -0.47
7                                                                     5                                8                       1
19   Kalmeshwa   Wardhamna      21.1417   78.9333   7.6   158   841   459    83.8   59.5   61    6.1   475.   170.   23   4    0.5   1.24   -1.29
8    r                                                    7                                      3     8      0                1
19   KALAMESH    Kalmeshwar     21.2333   78.9167   7.7   685   363   260.   40.9   37.7   25    4.6   178.   80.6   35   3    0.4   0.68   -2.22
9    WAR                                                              1                          6     4                       6
20   RAMTEK      Chorbaoli      21.4667   79.3167   8     113   566   255    51.1   30.4   133   2.1   487.   73.2   20   0    0.8   3.64   2.94
0                                                         4                                      3     7                       4
20   PARSEONI    Parseoni       21.5500   79.1667   7.5   696   369   214.   42.9   25.5   33    33.   309.   26.1   19   11   0.1   0.98   0.82
1                                                                     2                          16    3                       2
20   PARSEONI    Nagalwadi      21.5667   79.0167   7.7   781   414   229.   47.0   26.7   51    7.0   327.   28.5   18   15   0.6   1.47   0.81
2                                                                     5                          7     1                       5
20   RAMTEK      Sivani         21.4000   79.4708   7.9   790   418   234.   42.9   30.4   69    1.4   374.   33.5   23   14   1.2   1.97   1.50
3                                                                     6                          1     7                       3
20   Umrer       Uti            20.9500   79.2167   7.8   967   512   311.   61.3   37.7   51    3.2   410.   38.5   35   34   0.7   1.26   0.56
4                                                                     1                          5     4                       7
20   MOUDA       Chacher        21.2833   79.3417   7.7   792   420   234.   53.1   24.3   65    1.8   315.   45.9   64   4    1.3   1.85   0.51
5                                                                     6                          1     2                       1
20   RAMTEK      Manegaon Tek   21.6806   79.4222   7.6   145   773   433.   83.8   53.5   42    5.5   463.   95.5   7    46   0.8   0.88   -0.99
6                                                         9           5                          6     9                       3
20   SAVNER      Kelod          21.4597   78.8764   7.7   123   655   311.   65.4   35.2   128   4.5   428.   75.7   55   42   1.3   3.17   0.85
7                                                         6           1                          2     2                       4
20   HINGNA      Sathnaori      21.1333   78.8000   7.8   101   539   244.   65.4   19.4   60    43.   345.   50.9   41   42   0.6   1.67   0.78
8                                                         5           8                          87    0                       3
20   PARSEONI    Nayakund       21.3667   79.1833   7.8   773   409   239.   45.0   30.4   50    6.0   309.   36.0   22   33   0.9   1.41   0.32
9                                                                     7                          6     3                       2
21   SAVNER      Khubala        21.4500   78.9667   7.6   728   386   234.   42.9   30.4   41    14.   321.   23.6   21   21   0.9   1.17   0.62
0                                                                     6                          06    2                       1
21   PARSEONI    Wagholi        21.3333   79.2167   7.7   666   353   214.   40.9   26.7   52    4.6   315.   23.6   14   15   0.9   1.55   0.92
1                                                                     2                                2                       6
21   RAMTEK      Sirpur Toli    21.3667   79.4000   7.3   502   266   198.   34.7   26.7   23    4.0   226.   16.1   21   24   0.2   0.71   -0.23
2                                                                     9                          7     0                       8
21   MOUDA       Khat           21.2417   79.5458   7.9   861   456   249.   47.0   31.6   56    2.0   368.   48.4   32   7    2.2   1.55   1.09
3                                                                     9                          4     7                       2


                                                                                                                                     A-44
21   NAGPUR     Borkhedi         20.8833   78.9750   7.6   826   438    239.   49.1    27.9   54    3.9   386.   26.1   18   9    0.5   1.52   1.58
4    (RURAL)                                                            7                           3     6                       5
21   KATOL      Chargaon         21.2667   78.7583   7.7   858   454    285.   45.0    41.3   56    1.2   356.   31.0   28   39   0.5   1.45   0.20
5               (Punarwasi)                                             6                           2     9                       4
21   NAGPUR     Nagpur_Ramdasp   21.1306   79.0639   7.9   693   367    198.   42.9    21.9   55    1.3   303.   40.9   16   4    2.4   1.70   1.03
6    (RURAL)    eth                                                     9                           9     3                       9
21   Narkhed    Lohara           21.2658   78.4083   7.3   647   342    229.   65.4    15.8   43    1.6   291.   36.0   33   8    0.2   1.24   0.21
7                                                                       5                                 4                       2
21   BHIWAPUR   Nawegaon         20.8028   79.4286   7.7   564   299    163.   38.8    15.8   41    7.5   291.   16.1   21   1    1.1   1.40   1.54
8               (Deshmukh)                                              2                           6     4                       2
21   SAVNER     Kothulna         21.4194   79.0383   7.7   232   1233   647.   110.4   88.7   125   6.7   713.   232.   71   45   1.2   2.15   -1.12
9                                                          9            7                           3     7      0                6
22   Hingana    Kanholi bara     20.9333   78.8500   7.5   688   365    234.   63.4    18.2   33    4.0   309.   43.4   22   4    0.4   0.94   0.40
0                                                                       6                           4     3                       1
22   UMRED      Makardhokda      20.8667   79.2194   7.9   727   384    295.   59.3    35.2   28    0.6   327.   28.5   30   10   0.6   0.71   -0.50
1                                                                       8                           6     1                       4
22   HINGNA     Amgaon           20.9944   78.9250   7.4   564   299    188.   42.9    19.4   26    1.1   243.   31.0   22   1    0.3   0.83   0.25
2                                                                       7                           4     8                       8
22   NARKHED    Sawargaon        21.3917   78.6350   7.5   824   436    285.   47.0    40.1   24    3     321.   48.4   21   13   0.3   0.62   -0.39
3                                                                       6                                 2                       4
22   Nagpur     Mohpa            21.1417   78.7625   7.8   877   465    290.   49.1    40.1   48    1.9   345.   36.0   28   30   1.2   1.23   -0.10
4    (Rural)                                                            7                           4     0                       5
22   KALAMESH   Dhapewada        21.3028   78.9139   7.5   136   722    504.   106.3   57.1   78    1.0   463.   122.   41   44   0.4   1.52   -2.41
5    WAR                                                   2            9                           4     9      8                4
22   KAMPTEE    Koradi           21.2528   79.0800   7.5   476   252    147.   38.8    12.2   40    4.7   166.   45.9   24   7    0.6   1.43   -0.21
6                                                                       9                           8     5                       3
22   NAGPUR     Nagpur_Hanuma    21.1264   79.1056   7.5   103   549    362.   40.9    62.0   53    2.1   428.   58.3   37   6    1.6   1.22   -0.12
7    (RURAL)    n nagar                                    9            1                           8     2                       7
22   SAVNER     Saoner-1         21.3897   78.9406   7.9   130   691    418.   63.4    62.0   62    0.7   487.   73.2   38   44   0.5   1.33   -0.27
8                                                          4            2                           3     7                       1
22   KATOL      Nandora          21.1706   78.6111   7.8   397   210    137.   26.6    17.0   28    2.6   148.   13.6   64   4    0.4   1.04   -0.29
9                                                                       7                           6     7                       5
23   HINGNA     Takalghat        20.9144   78.9439   7.6   220   1170   627.   126.7   74.1   109   88.   927.   155.   59   47   0.5   1.90   2.77
0                                                          9            3                           05    8      1                8
23   SAVNER     Bhasali Takli    21.3533   78.9906   7.8   150   798    387.   85.9    41.3   162   3.3   606.   103.   52   46   0.3   3.59   2.25
1                                                          7            6                           8     6      0                1
23   UMRED      Pipaldol         20.8331   79.2656   8     915   484    321.   47.0    48.6   43    6.3   350.   68.2   66   5    0.2   1.05   -0.60
2                                                                       3                           4     9                       9


                                                                                                                                        A-45
23   Bhiwapur    Bhiwapur         20.7664   79.5164   7.6   944   500    260.   59.3    26.7   79    8.3   315.   98.0   76    15   1.0   2.14   0.00
3                                                                        1                           9     2                        2
23   RAMTEK      Kharpada         21.5308   79.3475   7.5   134   760    367.   83.8    37.7   53    9.1   315.   95.5   82    46   0.2   1.21   -2.12
4                                                           5            2                           8     2                        5
23   NARKHED     Malapur          21.4322   78.6594   7.7   767   406    270.   42.9    38.9   29    1.3   71.4   145.   40    42   0.4   0.77   -4.18
5                                                                        3                           6            2                 9
23   NAGPUR      Gonkhedi         21.1364   78.9008   7.7   724   384    214.   42.9    25.5   55    1.5   315.   28.5   50    12   1.0   1.64   0.92
6    (RURAL)                                                             2                           8     2                        5
23   KATOL       Ridhora          21.2322   78.6206   7.6   638   338    198.   40.9    23.1   33    2.1   285.   21.1   20    17   0.5   1.02   0.74
7                                                                        9                           5     5                        4
23   NAGPUR      Nagpur_Wadi      21.1522   79.0178   7.6   912   483    316.   47.0    47.4   53    2.1   309.   68.2   56    22   0.3   1.30   -1.18
8    (RURAL)     naka                                                    2                           4     3                        3
23   NAGPUR      Nagpur_Chinchb   21.0661   79.0611   7.5   154   818    351.   83.8    34.0   158   11.   493.   120.   87    44   0.6   3.67   1.10
9    (RURAL)     hawan                                      2            9                           11    6      4                 9
24   NAGPUR      Nagpur_Punapur   21.1608   79.1692   7.5   990   524    275.   63.4    27.9   82    11.   208.   140.   78    2    0.1   2.16   -2.06
0    (RURAL)                                                             4                           41    2      2                 9
24   Nagpur      Nagpur_Koradi    21.2086   79.0772   7.8   159   844    346.   85.9    31.6   165   9.8   493.   189.   14    8    0.5   3.86   1.20
1    (Rural)     naka                                       1            8                           3     6      8                 4
24   NAGPUR      Nagpur_Police    21.1764   79.0653   7.6   454   240    204    38.8    25.5   17    0.8   107.   21.1   130   2    0.8   0.52   -2.29
2    (RURAL)     line takli                                                                          4     1                        1
24   KUHI        Kuhi-1           21.0150   79.3603   7.9   780   413    163.   18.4    27.9   62    2.2   321.   18.6   19    14   0.7   2.12   2.05
3                                                                        2                           3     2
24   MOUDA       Tarsha           21.2258   79.3811   7.5   249   1318   821.   177.8   89.9   143   58.   731.   219.   178   36   0.5   2.18   -4.30
4                                                           0            1                           65    5      6                 1
24   HINGNA      Mohgaon Zelpi    21.0683   78.8875   7.5   749   397    219.   47.0    24.3   32    0.9   249.   23.6   35    41   0.6   0.94   -0.26
5                                                                        3                           1     8                        8
24   SAVNER      Patansaongi-2    21.3353   79.0167   8     560   297    209.   65.4    10.9   34    1.5   309.   13.6   8     14   0.4   1.02   0.90
6                                                                        1                           9     3                        5
24   KALAMESH    Lohgad           21.3422   78.7231   7.5   908   480    321.   47.0    48.6   36    2.9   291.   45.9   42    47   0.2   0.88   -1.57
7    WAR                                                                 3                           9     4                        7
24   UMRED       Singori          20.7453   79.0697   7.7   557   295    209.   42.9    24.3   43    1.0   243.   23.6   29    27   0.4   1.30   -0.15
8                                                                        1                           9     8                        4
24   Kalmeshwa   Tondakhairi      21.2692   78.9525   7.7   825   436    300.   47.0    43.7   39    15.   380.   36.0   19    37   0.7   0.98   0.29
9    r                                                                   9                           51    6                        4
25   Katol       Metpanjara       21.2658   78.7128   7.7   139   737    469.   124.7   37.7   39    6.3   368.   112.   87    30   0.4   0.78   -3.29
0                                                           1            2                           2     7      9                 8
25   Kalmeshwa   Sillori          21.3022   78.9731   7.7   234   1241   877.   249.4   60.8   106   11    921.   187.   126   46   0.2   1.56   -2.36
1    r                                                      3            2                           4.2   9      4                 4


                                                                                                                                          A-46
25   Kalmeshwa   Khapri           21.2353   78.8350   7.8   953   505     367.   45.0    60.8   26    1.1   368.   48.4   36       45   0.7   0.59   -1.20
2    r                                                                    2                                 7                           5
25   Kalmeshwa   Linga            21.2028   78.8214   7.7   147   782     418.   47.0    71.7   63    63.   529.   85.6   75       46   0.5   1.35   0.43
3    r                                                      6             2                           78    3                           4
25   Kalmeshwa   Kohli            21.2522   78.8161   7.7   908   482     367.   65.4    48.6   29    1.6   380.   40.9   42       41   1.0   0.66   -1.03
4    r                                                                    2                           4     6                           3
25   Katol       Wasboli          21.2189   78.7022   7.7   114   569     326.   42.9    52.3   40    12.   386.   53.4   41       44   0.6   0.97   -0.11
5                                                           1             4                           84    6                           2
25   Kalmeshwa   Ramgiri          21.3019   78.7514   7.2   522   276     163.   45.0    12.2   45    1.7   273.   16.1   14       9    0.6   1.54   1.24
6    r                                                                    2                           9     6
25   Nagpur      Khairgaon        21.1858   78.9567   7.3   133   706     453.   92.0    53.5   33    1.8   428.   78.2   66       47   0.2   0.68   -1.98
7    (Rural)                                                3             9                                 2                           5
25   Nagpur      Satgaon          20.9297   79.0036   7.7   101   536     214.   42.9    25.5   72    0.7   243.   83.1   62       25   1.0   2.15   -0.25
8    (Rural)                                                2             2                           7     8                           2
25   KALAMESH    Ashti            21.2019   78.9683   7.8   782   414     300.   65.4    32.8   37    1.2   374.   18.6   26       41   0.7   0.93   0.17
9    WAR                                                                  9                           3     7                           6
26   NARKHED     Mohad            21.4686   78.4458   7.7   207   1100    622.   139.0   65.6   130   3.0   463.   294.   68       16   0.2   2.27   -4.74
0                                                           6             2                           6     9      1                    6
26   MOUDA       Mouda-1          21.1472   79.4003   7.6   228   1212    275.   40.9    41.3   286   10.   624.   204.   154      46   0.5   7.54   4.79
1                                                           8             4                           67    5      7
26   HINGNA      Hingna           21.0739   78.9578   7.6   664   352     249.   24.5    45.0   33    1.5   321.   21.1   23       23   0.3   0.91   0.34
2                (Dhangarpura)                                            9                           5     2                           2
26   Kuhi        khairi Pannase   78.9331   21.0977   7.8   130   850.8   205    54.1    17.0   9     0.2   305.   212.   360.22   93   0.1   0.27   0.90
3                (dw)                                       9     5                                         1      7      5             1




                                                                                                                                              A-47
